50
50
healthy
2 3
immune
sick
1 34
1 39
2 26
2 46
4 12
5 42
7 27
7 42
9 21
9 48
10 49
11 12
14 0
14 47
16 18
17 20
17 31
18 13
19 26
19 32
22 44
23 30
23 35
23 48
24 7
24 21
24 23
26 15
26 24
26 32
26 43
26 45
27 5
27 25
28 35
28 47
29 31
30 45
32 37
33 27
33 30
34 19
34 20
34 36
35 24
36 18
37 26
37 38
37 41
37 45
38 7
39 39
40 2
40 7
40 11
40 26
40 29
40 34
40 38
41 4
41 25
43 9
43 20
43 27
43 37
43 41
44 16
44 20
44 24
44 28
44 44
44 45
45 9
45 21
45 25
45 33
45 36
45 42
45 45
45 48
46 3
46 4
46 11
46 24
46 27
46 35
46 38
47 13
47 30
47 40
47 46
47 48
48 2
48 9
48 15
48 20
48 32
48 45
48 46
